149,67
132,132
132,99
142,86
142,85
132,131
132,130
132,98
121,403
121,602
121,601
121,600
121,599
121,598
121,597
121,596
121,595
121,594
121,593
149,130
149,129
131,62
131,38
142,84
121,592
121,591
121,590
121,589
121,419
121,393
121,470
121,588
121,467
121,587
121,586
0,297
121,469
121,585
121,100
121,584
121,583
149,128
131,61
149,91
132,129
132,128
149,90
132,16
132,97
132,96
0,308
121,395
121,582
121,581
0,289
0,288
0,286
121,580
0,280
121,579
121,578
121,577
0,274
149,89
132,95
131,60
131,8
132,94
132,93
0,279
182,12
182,11
0,269
0,300
14,10
182,10
182,9
182,8
182,7
182,6
182,5
182,4
182,3
182,2
182,1
182,0
181,10
181,9
181,8
181,7
181,6
181,5
181,4
181,3
181,2
181,1
181,0
142,83
149,88
0,575
149,87
121,576
121,575
121,574
0,574
0,568
0,567
0,566
121,573
0,556
121,572
121,571
0,555
121,570
149,17
149,86
149,85
14,9
180,9
180,8
180,7
180,6
180,5
180,4
180,3
180,2
180,1
180,0
179,9
179,8
179,7
179,6
179,5
179,4
179,3
179,2
179,1
179,0
0,317
0,554
178,9
178,8
178,7
178,6
178,5
178,4
178,3
178,2
178,1
178,0
177,9
177,8
177,7
177,6
177,5
177,4
177,3
177,2
0,407
177,1
177,0
0,545
176,9
176,8
176,7
176,6
176,5
176,4
176,3
176,2
176,1
176,0
175,9
175,8
175,7
175,6
175,5
175,4
175,3
175,2
175,1
175,0
14,8
174,9
174,8
174,7
174,6
174,5
174,4
174,3
174,2
174,1
174,0
173,35
149,84
132,92
132,63
132,60
132,55
132,52
132,51
132,49
132,46
132,45
132,40
132,35
132,30
132,27
132,26
132,25
132,14
132,13
132,12
132,11
132,10
132,3
132,1
132,23
132,9
123,8
123,7
146,8
146,9
123,9
146,12
142,4
142,78
142,77
142,81
142,76
142,75
142,74
142,73
142,72
142,71
142,70
142,69
142,68
142,67
142,66
142,65
142,64
142,40
142,39
142,38
142,37
142,36
142,35
142,34
142,33
142,32
142,31
142,30
142,29
142,28
142,82
142,27
123,10
146,11
142,26
142,25
142,24
142,23
146,7
142,22
142,21
142,20
142,19
142,18
142,17
142,16
142,15
142,14
142,13
142,80
142,11
142,12
142,79
123,1
123,11
123,3
146,1
146,10
146,3
142,10
142,1
142,9
142,3
14,4
14,5
150,3
150,1
150,4
0,273
0,270
0,427
10,117
10,179
10,85
10,283
10,97
